1587831041536 nan 0
1587831043998 nan 1
1587831046403 nan 2
1587831048758 nan 3
1587831051129 nan 4
1587831053546 nan 5
1587831055906 nan 6
1587831058224 nan 7
1587831060641 nan 8
1587831063052 nan 9
1587831065406 nan 10
1587831067753 nan 11
1587831070262 nan 12
1587831072636 nan 13
1587831074969 nan 14
1587831077322 nan 15
1587831079707 nan 16
1587831082075 nan 17
1587831084451 nan 18
1587831086810 nan 19
1587831089157 nan 20
1587831091546 nan 21
1587831093972 nan 22
1587831096398 nan 23
1587831098783 nan 24
1587831101186 nan 25
1587831103503 nan 26
1587831105827 nan 27
1587831108211 nan 28
1587831110575 nan 29
