1587831033976 0.0005 0
1587831041540 0.0005 0
1587831044002 0.0005 0
1587831046407 0.0005 0
1587831048761 0.0005 0
1587831051133 0.0005 0
1587831053550 0.0005 0
1587831055910 0.0005 0
1587831058229 0.0005 0
1587831060645 0.0005 0
1587831063056 0.0005 0
1587831065411 0.0005 0
1587831067757 0.0005 0
1587831070266 0.0005 0
1587831072640 0.0005 0
1587831074973 0.0005 0
1587831077328 0.0005 0
1587831079711 0.0005 0
1587831082079 0.0005 0
1587831084455 0.0005 0
1587831086813 0.0005 0
1587831089160 0.0005 0
1587831091550 0.0005 0
1587831093976 0.0005 0
1587831096402 0.0005 0
1587831098788 0.0005 0
1587831101189 0.0005 0
1587831103507 0.0005 0
1587831105832 0.0005 0
1587831108215 0.0005 0
