1587831041536 0.0 0
1587831043998 0.0 1
1587831046403 0.0 2
1587831048758 0.0 3
1587831051129 0.0 4
1587831053546 0.0 5
1587831055906 0.0 6
1587831058224 0.0 7
1587831060641 0.0 8
1587831063052 0.0 9
1587831065406 0.0 10
1587831067753 0.0 11
1587831070262 0.0 12
1587831072636 0.0 13
1587831074969 0.0 14
1587831077322 0.0 15
1587831079707 0.0 16
1587831082075 0.0 17
1587831084451 0.0 18
1587831086810 0.0 19
1587831089157 0.0 20
1587831091546 0.0 21
1587831093972 0.0 22
1587831096398 0.0 23
1587831098783 0.0 24
1587831101186 0.0 25
1587831103503 0.0 26
1587831105827 0.0 27
1587831108211 0.0 28
1587831110575 0.0 29
