1587831276550 0.24427918 0
1587831276692 0.24427918 1
1587831276829 0.24427918 2
1587831276965 0.24427918 3
1587831277095 0.24427918 4
1587831277225 0.24427918 5
1587831277357 0.24427918 6
1587831277487 0.24427918 7
1587831277618 0.24427918 8
1587831277749 0.24427918 9
1587831277879 0.24427918 10
1587831278008 0.24427918 11
1587831278139 0.24427918 12
1587831278267 0.24427918 13
1587831278403 0.24427918 14
1587831278532 0.24427918 15
1587831278668 0.24427918 16
1587831278798 0.24427918 17
1587831278930 0.24427918 18
1587831279060 0.24427918 19
1587831279191 0.24427918 20
1587831279325 0.24427918 21
1587831279457 0.24427918 22
1587831279585 0.24427918 23
1587831279717 0.24427918 24
1587831279850 0.24427918 25
1587831279980 0.24427918 26
1587831280112 0.24427918 27
1587831280247 0.24427918 28
1587831280383 0.24427918 29
