1587831275899 0.0005 0
1587831276554 0.0005 0
1587831276696 0.0005 0
1587831276832 0.0005 0
1587831276969 0.0005 0
1587831277099 0.0005 0
1587831277228 0.0005 0
1587831277360 0.0005 0
1587831277491 0.0005 0
1587831277622 0.0005 0
1587831277752 0.0005 0
1587831277882 0.0005 0
1587831278011 0.0005 0
1587831278142 0.0005 0
1587831278270 0.0005 0
1587831278407 0.0005 0
1587831278537 0.0005 0
1587831278672 0.0005 0
1587831278802 0.0005 0
1587831278934 0.0005 0
1587831279064 0.0005 0
1587831279194 0.0005 0
1587831279328 0.0005 0
1587831279460 0.0005 0
1587831279588 0.0005 0
1587831279721 0.0005 0
1587831279854 0.0005 0
1587831279984 0.0005 0
1587831280116 0.0005 0
1587831280251 0.0005 0
