1587831276550 nan 0
1587831276692 nan 1
1587831276829 nan 2
1587831276965 nan 3
1587831277095 nan 4
1587831277225 nan 5
1587831277357 nan 6
1587831277487 nan 7
1587831277618 nan 8
1587831277749 nan 9
1587831277879 nan 10
1587831278008 nan 11
1587831278139 nan 12
1587831278267 nan 13
1587831278403 nan 14
1587831278532 nan 15
1587831278668 nan 16
1587831278798 nan 17
1587831278930 nan 18
1587831279060 nan 19
1587831279191 nan 20
1587831279325 nan 21
1587831279457 nan 22
1587831279585 nan 23
1587831279717 nan 24
1587831279850 nan 25
1587831279980 nan 26
1587831280112 nan 27
1587831280247 nan 28
1587831280383 nan 29
