1587831276550 0.0 0
1587831276692 0.0 1
1587831276829 0.0 2
1587831276965 0.0 3
1587831277095 0.0 4
1587831277225 0.0 5
1587831277357 0.0 6
1587831277487 0.0 7
1587831277618 0.0 8
1587831277749 0.0 9
1587831277879 0.0 10
1587831278008 0.0 11
1587831278139 0.0 12
1587831278267 0.0 13
1587831278403 0.0 14
1587831278532 0.0 15
1587831278668 0.0 16
1587831278798 0.0 17
1587831278930 0.0 18
1587831279060 0.0 19
1587831279191 0.0 20
1587831279325 0.0 21
1587831279457 0.0 22
1587831279585 0.0 23
1587831279717 0.0 24
1587831279850 0.0 25
1587831279980 0.0 26
1587831280112 0.0 27
1587831280247 0.0 28
1587831280383 0.0 29
