1587830908276 0.23519313 0
1587830908419 0.23519313 1
1587830908556 0.23519313 2
1587830908696 0.23519313 3
1587830908839 0.23519313 4
1587830908976 0.23519313 5
1587830909115 0.23519313 6
1587830909246 0.23519313 7
1587830909377 0.23519313 8
1587830909507 0.23519313 9
1587830909638 0.23519313 10
1587830909773 0.23519313 11
1587830909910 0.23519313 12
1587830910048 0.23519313 13
1587830910185 0.23519313 14
1587830910322 0.23519313 15
1587830910450 0.23519313 16
1587830910581 0.23519313 17
1587830910715 0.23519313 18
1587830910850 0.23519313 19
1587830910982 0.23519313 20
1587830911121 0.23519313 21
1587830911260 0.23519313 22
1587830911396 0.23519313 23
1587830911525 0.23519313 24
1587830911662 0.23519313 25
1587830911795 0.23519313 26
1587830911928 0.23519313 27
1587830912065 0.23519313 28
1587830912202 0.23519313 29
