1587830907602 0.0005 0
1587830908280 0.0005 0
1587830908423 0.0005 0
1587830908560 0.0005 0
1587830908699 0.0005 0
1587830908843 0.0005 0
1587830908979 0.0005 0
1587830909118 0.0005 0
1587830909250 0.0005 0
1587830909380 0.0005 0
1587830909510 0.0005 0
1587830909642 0.0005 0
1587830909776 0.0005 0
1587830909914 0.0005 0
1587830910052 0.0005 0
1587830910189 0.0005 0
1587830910325 0.0005 0
1587830910454 0.0005 0
1587830910584 0.0005 0
1587830910719 0.0005 0
1587830910853 0.0005 0
1587830910986 0.0005 0
1587830911125 0.0005 0
1587830911263 0.0005 0
1587830911399 0.0005 0
1587830911529 0.0005 0
1587830911665 0.0005 0
1587830911798 0.0005 0
1587830911931 0.0005 0
1587830912068 0.0005 0
